tensor([[[-4.6240e-02,  1.2484e-02,  3.5789e-02],
         [ 4.4731e-02, -4.5765e-02, -5.0797e-02],
         [ 3.5086e-02, -1.0139e-02,  1.7019e-02]],

        [[-6.2910e-03,  6.2790e-03,  3.3070e-02],
         [-3.9300e-02,  1.6535e-02, -2.4095e-02],
         [-3.1109e-02,  1.0951e-02, -1.3300e-02]],

        [[ 5.6720e-02,  1.7685e-02,  1.9949e-02],
         [ 3.8857e-02,  3.3838e-02,  1.9450e-02],
         [-2.4471e-02,  3.1692e-03,  4.7956e-02]],

        [[-2.1288e-02,  1.9795e-02, -7.4457e-03],
         [-4.7807e-02, -5.0255e-02,  1.7229e-02],
         [ 5.3530e-02,  2.8627e-02, -1.8819e-02]],

        [[-3.7104e-02,  1.0765e-02,  6.7683e-03],
         [ 3.7794e-03, -4.0212e-02,  2.8753e-02],
         [ 8.6223e-03, -3.6254e-03, -4.1161e-03]],

        [[-5.0406e-02, -5.1052e-02, -5.1245e-02],
         [-5.3865e-02, -1.6946e-02, -4.1446e-02],
         [-1.2328e-02, -3.8136e-02,  2.4300e-02]],

        [[-4.1624e-03, -5.6243e-02, -1.0216e-02],
         [ 4.3863e-02,  4.5375e-02, -4.2351e-02],
         [ 2.6260e-02, -6.4172e-03,  1.0391e-02]],

        [[-1.1164e-02,  1.9387e-02, -3.2352e-02],
         [-3.3955e-02,  5.4664e-02,  1.4751e-02],
         [ 4.7123e-02,  8.1121e-06,  8.3303e-03]],

        [[-4.6202e-02, -2.2990e-02,  4.9628e-02],
         [-3.4203e-02,  5.3212e-02,  1.2066e-02],
         [ 4.4966e-02,  4.2945e-02,  1.0943e-03]],

        [[-5.0426e-02, -2.3157e-02, -3.1891e-02],
         [ 4.3808e-02,  1.6377e-02, -2.1834e-02],
         [-1.5718e-02, -1.3614e-02,  4.3833e-02]],

        [[-5.2297e-02,  2.2057e-02, -3.0460e-02],
         [-5.7736e-02,  4.0945e-02,  1.5322e-02],
         [ 3.8945e-02,  3.3834e-02, -2.9572e-02]],

        [[-4.1732e-02,  6.4147e-03,  4.6727e-02],
         [ 4.6542e-02, -2.2656e-02,  5.8388e-02],
         [ 3.7311e-02, -5.1283e-02, -3.4181e-02]],

        [[-8.3833e-04,  7.7356e-03, -5.6374e-02],
         [-2.9578e-02, -3.1741e-02,  3.2927e-02],
         [-2.3055e-03, -5.6961e-02,  4.3712e-02]],

        [[-5.7939e-02,  4.4272e-02,  8.0248e-03],
         [ 4.2104e-02,  1.8491e-02,  2.6730e-02],
         [-4.6364e-02, -3.7769e-02,  5.5838e-02]],

        [[ 9.7804e-03,  3.4574e-02,  2.1376e-02],
         [ 3.9783e-02,  1.7045e-02,  5.1710e-02],
         [-2.4910e-02,  5.7346e-02, -5.8263e-02]],

        [[ 1.6285e-02, -1.9081e-02, -4.0028e-02],
         [ 1.2377e-02, -3.6444e-02,  2.0111e-02],
         [ 3.2332e-02,  3.3676e-03, -3.5238e-02]],

        [[ 9.3021e-03, -2.3636e-02,  7.5568e-05],
         [-4.1160e-03, -2.1448e-02, -3.0078e-02],
         [-5.6119e-02,  3.3292e-02,  1.2144e-02]],

        [[ 1.0067e-02,  5.7932e-02, -5.0257e-02],
         [-5.5083e-02, -2.9176e-02,  3.6777e-02],
         [ 1.4672e-02, -5.7183e-02, -3.3765e-02]],

        [[-6.6928e-03,  6.4355e-05, -1.0828e-02],
         [-2.5397e-02,  5.2542e-02, -5.0715e-02],
         [ 4.4943e-02,  4.8476e-02,  1.0621e-02]],

        [[-3.8253e-02,  5.3391e-02, -3.4929e-02],
         [ 5.5482e-02,  2.5022e-02, -3.9256e-03],
         [-2.9643e-02,  5.6947e-03, -5.1025e-03]],

        [[-3.3643e-03,  8.0582e-03, -2.1834e-02],
         [ 1.1151e-02,  1.1799e-02, -3.4225e-02],
         [ 5.1927e-02,  5.4035e-02, -1.4630e-02]],

        [[ 3.1913e-02,  2.1786e-02, -4.7899e-02],
         [-5.8803e-02, -1.4792e-02, -4.6985e-02],
         [ 2.9754e-02,  3.3468e-02,  1.5043e-02]],

        [[ 1.9140e-02,  8.0511e-03,  1.7231e-04],
         [-4.2034e-02,  2.7064e-02, -5.6784e-02],
         [ 3.2510e-02, -2.2809e-02,  1.9593e-02]],

        [[-5.8690e-02,  5.1867e-02, -5.1097e-02],
         [-5.2101e-02, -3.6341e-02, -2.8937e-02],
         [ 1.4252e-02, -4.1487e-02,  4.4754e-02]],

        [[ 4.9777e-02, -3.9483e-02, -3.7684e-02],
         [ 3.0852e-02,  5.7163e-02, -7.1546e-03],
         [ 1.5994e-02, -1.9738e-02,  5.6516e-02]],

        [[ 1.2157e-02, -1.0028e-02,  7.9587e-04],
         [ 2.0840e-02,  4.4374e-02, -2.0607e-02],
         [-3.3683e-02,  2.5231e-02, -3.0862e-02]],

        [[ 3.2144e-03,  1.1328e-02,  4.5207e-02],
         [-2.2559e-02,  4.7546e-02, -6.7096e-03],
         [-5.9728e-03,  4.1938e-02,  2.9470e-02]],

        [[ 3.4739e-02,  2.4336e-03,  5.3677e-02],
         [-2.3947e-02, -3.3417e-02,  4.1956e-02],
         [-4.6353e-02, -3.6488e-02,  2.5071e-02]],

        [[-2.7667e-02, -4.2761e-02,  4.2305e-03],
         [-3.7100e-02,  9.4734e-03,  3.1054e-02],
         [ 4.8021e-02, -2.8610e-02,  4.1177e-02]],

        [[-4.8957e-02,  1.5240e-02,  4.0934e-03],
         [-9.4354e-04,  7.2561e-03,  1.4329e-02],
         [-3.1229e-02, -4.0159e-02,  8.4882e-03]],

        [[ 3.3279e-02, -1.0985e-02, -2.1406e-02],
         [ 5.4473e-03, -3.6354e-03,  1.5193e-02],
         [-1.2123e-02, -2.7393e-02,  2.8131e-02]],

        [[-8.4843e-04, -2.3544e-02, -1.7448e-03],
         [ 3.5638e-02,  1.1383e-02,  1.7480e-02],
         [-5.5731e-02,  2.8687e-02,  1.4024e-02]]], grad_fn=<SelectBackward>) tensor([[[-0.0068, -0.0177, -0.0180],
         [ 0.0351, -0.0045,  0.0544],
         [ 0.0088,  0.0375, -0.0571]],

        [[ 0.0475, -0.0313,  0.0296],
         [-0.0361,  0.0377, -0.0407],
         [-0.0402,  0.0058,  0.0127]],

        [[ 0.0535, -0.0309, -0.0263],
         [-0.0365, -0.0357, -0.0346],
         [-0.0147, -0.0575, -0.0551]],

        [[-0.0509,  0.0586,  0.0502],
         [-0.0009,  0.0429,  0.0367],
         [-0.0064, -0.0106,  0.0548]],

        [[-0.0542,  0.0141,  0.0219],
         [ 0.0141, -0.0338,  0.0470],
         [-0.0493, -0.0039,  0.0337]],

        [[ 0.0583,  0.0012,  0.0148],
         [-0.0102, -0.0466, -0.0041],
         [ 0.0065,  0.0530,  0.0545]],

        [[-0.0522,  0.0202, -0.0400],
         [ 0.0036,  0.0228, -0.0398],
         [-0.0045,  0.0582,  0.0237]],

        [[ 0.0188, -0.0238, -0.0382],
         [ 0.0508,  0.0423,  0.0476],
         [-0.0030,  0.0162, -0.0074]],

        [[-0.0232, -0.0286, -0.0187],
         [ 0.0321, -0.0067,  0.0103],
         [-0.0578,  0.0203,  0.0496]],

        [[-0.0458,  0.0138,  0.0412],
         [ 0.0401,  0.0178, -0.0191],
         [-0.0536, -0.0533, -0.0168]],

        [[-0.0082, -0.0310, -0.0448],
         [ 0.0385,  0.0047, -0.0396],
         [-0.0458,  0.0116, -0.0436]],

        [[ 0.0359,  0.0545,  0.0471],
         [ 0.0121,  0.0127,  0.0430],
         [-0.0412, -0.0344, -0.0071]],

        [[ 0.0288, -0.0482,  0.0541],
         [-0.0557, -0.0224,  0.0061],
         [ 0.0480,  0.0579, -0.0355]],

        [[ 0.0154, -0.0528,  0.0432],
         [-0.0478,  0.0341, -0.0249],
         [-0.0413,  0.0201, -0.0433]],

        [[ 0.0142, -0.0188,  0.0076],
         [ 0.0512, -0.0422, -0.0572],
         [ 0.0570,  0.0319, -0.0560]],

        [[ 0.0206,  0.0011, -0.0299],
         [ 0.0449, -0.0201, -0.0319],
         [-0.0344, -0.0178, -0.0249]],

        [[-0.0252,  0.0398,  0.0234],
         [-0.0243, -0.0060, -0.0367],
         [-0.0387,  0.0078,  0.0489]],

        [[ 0.0015, -0.0566, -0.0400],
         [ 0.0084,  0.0510,  0.0566],
         [-0.0142,  0.0351, -0.0038]],

        [[ 0.0308,  0.0202, -0.0588],
         [ 0.0523,  0.0346,  0.0348],
         [ 0.0429,  0.0375,  0.0373]],

        [[ 0.0136, -0.0338,  0.0080],
         [-0.0139, -0.0371, -0.0007],
         [-0.0448, -0.0195, -0.0511]],

        [[ 0.0203,  0.0193,  0.0469],
         [ 0.0006, -0.0297, -0.0517],
         [-0.0318,  0.0268, -0.0530]],

        [[-0.0523, -0.0008,  0.0546],
         [ 0.0017,  0.0243, -0.0231],
         [ 0.0394, -0.0337, -0.0407]],

        [[-0.0541,  0.0208,  0.0089],
         [-0.0381, -0.0290,  0.0327],
         [ 0.0435,  0.0302, -0.0372]],

        [[ 0.0003,  0.0178,  0.0307],
         [-0.0581,  0.0154, -0.0579],
         [ 0.0310,  0.0351,  0.0407]],

        [[ 0.0358, -0.0443, -0.0034],
         [-0.0444,  0.0583,  0.0042],
         [ 0.0560,  0.0574, -0.0092]],

        [[ 0.0140,  0.0530,  0.0288],
         [ 0.0054, -0.0115,  0.0444],
         [-0.0401, -0.0449, -0.0362]],

        [[ 0.0041,  0.0372,  0.0434],
         [ 0.0243, -0.0480, -0.0004],
         [-0.0562, -0.0022, -0.0380]],

        [[-0.0471, -0.0063,  0.0575],
         [ 0.0353,  0.0403,  0.0538],
         [-0.0425,  0.0180, -0.0356]],

        [[-0.0039, -0.0494, -0.0210],
         [ 0.0162, -0.0155, -0.0205],
         [-0.0217,  0.0317,  0.0138]],

        [[ 0.0185, -0.0068, -0.0228],
         [ 0.0495,  0.0182,  0.0099],
         [-0.0348, -0.0557, -0.0401]],

        [[ 0.0369, -0.0562,  0.0431],
         [-0.0357, -0.0496, -0.0077],
         [ 0.0532,  0.0488, -0.0437]],

        [[-0.0148, -0.0187,  0.0055],
         [-0.0272,  0.0363, -0.0522],
         [ 0.0065, -0.0193,  0.0041]]], grad_fn=<SelectBackward>)
tensor([[[-0.0200, -0.0566, -0.0358],
         [ 0.0042,  0.0083,  0.0245],
         [-0.0133,  0.0455, -0.0501]],

        [[-0.0398,  0.0437,  0.0210],
         [ 0.0543, -0.0103,  0.0205],
         [-0.0181,  0.0028,  0.0460]],

        [[-0.0058, -0.0080,  0.0026],
         [-0.0264,  0.0240, -0.0206],
         [-0.0180,  0.0421,  0.0165]],

        [[-0.0169,  0.0358,  0.0110],
         [ 0.0138,  0.0422,  0.0198],
         [ 0.0579,  0.0089,  0.0297]],

        [[ 0.0445, -0.0579, -0.0030],
         [ 0.0162, -0.0415, -0.0327],
         [ 0.0543, -0.0425,  0.0332]],

        [[-0.0093, -0.0531, -0.0144],
         [ 0.0482, -0.0409, -0.0439],
         [-0.0206, -0.0328, -0.0420]],

        [[-0.0423,  0.0066, -0.0544],
         [-0.0578,  0.0072, -0.0436],
         [ 0.0468,  0.0018, -0.0007]],

        [[ 0.0286, -0.0333, -0.0572],
         [-0.0535, -0.0194,  0.0336],
         [-0.0501,  0.0026, -0.0528]],

        [[ 0.0084,  0.0317, -0.0203],
         [ 0.0190, -0.0423,  0.0159],
         [ 0.0550,  0.0374,  0.0155]],

        [[ 0.0383, -0.0435,  0.0022],
         [ 0.0542, -0.0490,  0.0091],
         [ 0.0462,  0.0087,  0.0463]],

        [[ 0.0399, -0.0171,  0.0563],
         [-0.0163, -0.0481,  0.0266],
         [-0.0310, -0.0349,  0.0364]],

        [[ 0.0363,  0.0257, -0.0438],
         [ 0.0024,  0.0002, -0.0015],
         [ 0.0444,  0.0185, -0.0250]],

        [[-0.0367, -0.0371,  0.0493],
         [-0.0149, -0.0331, -0.0227],
         [ 0.0471, -0.0394, -0.0071]],

        [[ 0.0130, -0.0373,  0.0485],
         [ 0.0278, -0.0125,  0.0216],
         [-0.0437,  0.0511,  0.0314]],

        [[ 0.0281, -0.0012, -0.0298],
         [-0.0229, -0.0233, -0.0466],
         [-0.0209,  0.0225,  0.0125]],

        [[ 0.0563,  0.0273, -0.0456],
         [-0.0476,  0.0455, -0.0019],
         [ 0.0184,  0.0015,  0.0545]],

        [[-0.0333, -0.0538, -0.0095],
         [-0.0583, -0.0330,  0.0478],
         [ 0.0468, -0.0392, -0.0008]],

        [[ 0.0006, -0.0466, -0.0068],
         [ 0.0067,  0.0023, -0.0223],
         [-0.0222,  0.0168, -0.0075]],

        [[-0.0206,  0.0020, -0.0331],
         [ 0.0201, -0.0255, -0.0335],
         [-0.0151, -0.0502, -0.0230]],

        [[ 0.0128,  0.0494,  0.0350],
         [ 0.0487,  0.0349, -0.0177],
         [-0.0501, -0.0327, -0.0572]],

        [[-0.0570,  0.0487, -0.0051],
         [-0.0095, -0.0311,  0.0165],
         [-0.0572, -0.0273, -0.0363]],

        [[ 0.0487,  0.0202,  0.0098],
         [-0.0170, -0.0267,  0.0546],
         [ 0.0189,  0.0029,  0.0152]],

        [[ 0.0010, -0.0529, -0.0271],
         [ 0.0544,  0.0486, -0.0129],
         [-0.0387, -0.0404, -0.0414]],

        [[ 0.0291, -0.0521,  0.0026],
         [ 0.0494,  0.0374, -0.0512],
         [ 0.0046, -0.0504, -0.0491]],

        [[ 0.0175, -0.0554, -0.0578],
         [-0.0157,  0.0360, -0.0286],
         [ 0.0325, -0.0413,  0.0205]],

        [[-0.0391, -0.0113,  0.0282],
         [-0.0584, -0.0476,  0.0266],
         [-0.0151,  0.0221,  0.0101]],

        [[ 0.0396,  0.0466, -0.0120],
         [-0.0310,  0.0262,  0.0410],
         [-0.0567,  0.0561, -0.0351]],

        [[-0.0478, -0.0320,  0.0275],
         [-0.0511,  0.0286,  0.0019],
         [-0.0488,  0.0233,  0.0207]],

        [[-0.0320,  0.0359, -0.0495],
         [ 0.0167, -0.0417, -0.0022],
         [-0.0523, -0.0576, -0.0132]],

        [[ 0.0044, -0.0235,  0.0245],
         [ 0.0572, -0.0116, -0.0477],
         [ 0.0355,  0.0039, -0.0401]],

        [[-0.0289,  0.0557,  0.0393],
         [ 0.0311,  0.0099,  0.0039],
         [ 0.0472,  0.0225, -0.0278]],

        [[-0.0150, -0.0423,  0.0389],
         [ 0.0286, -0.0223,  0.0392],
         [-0.0386, -0.0348, -0.0333]]], grad_fn=<SelectBackward>) tensor([[[-0.0094, -0.0066,  0.0537],
         [-0.0173, -0.0302,  0.0335],
         [-0.0119, -0.0260, -0.0435]],

        [[-0.0529,  0.0481, -0.0109],
         [ 0.0224,  0.0283, -0.0388],
         [-0.0082,  0.0455,  0.0026]],

        [[-0.0178, -0.0390, -0.0242],
         [ 0.0551, -0.0202,  0.0158],
         [ 0.0142, -0.0385, -0.0563]],

        [[-0.0555, -0.0352,  0.0367],
         [ 0.0055,  0.0178,  0.0248],
         [-0.0476, -0.0237,  0.0170]],

        [[-0.0142,  0.0397,  0.0058],
         [-0.0419, -0.0200, -0.0433],
         [ 0.0538,  0.0021,  0.0255]],

        [[ 0.0077,  0.0041, -0.0540],
         [-0.0306, -0.0342, -0.0290],
         [-0.0224,  0.0171, -0.0287]],

        [[ 0.0258, -0.0096, -0.0057],
         [-0.0580,  0.0411, -0.0413],
         [-0.0081, -0.0271, -0.0205]],

        [[-0.0572, -0.0292, -0.0338],
         [-0.0448, -0.0379, -0.0562],
         [-0.0203, -0.0556,  0.0212]],

        [[-0.0158, -0.0397, -0.0050],
         [-0.0509,  0.0273, -0.0416],
         [-0.0336, -0.0573, -0.0576]],

        [[ 0.0559,  0.0531,  0.0441],
         [-0.0421, -0.0443,  0.0498],
         [-0.0108, -0.0521,  0.0519]],

        [[ 0.0425, -0.0303, -0.0585],
         [ 0.0250, -0.0194, -0.0128],
         [ 0.0187,  0.0550, -0.0481]],

        [[-0.0471,  0.0383,  0.0086],
         [-0.0507, -0.0090, -0.0203],
         [ 0.0463, -0.0211, -0.0212]],

        [[-0.0038, -0.0473, -0.0343],
         [ 0.0131,  0.0295, -0.0162],
         [-0.0034,  0.0423, -0.0183]],

        [[-0.0236, -0.0134,  0.0424],
         [ 0.0487,  0.0456,  0.0478],
         [ 0.0166, -0.0287,  0.0073]],

        [[-0.0311,  0.0018, -0.0426],
         [-0.0435,  0.0512,  0.0056],
         [ 0.0435, -0.0211, -0.0088]],

        [[-0.0493, -0.0160, -0.0012],
         [-0.0113,  0.0585,  0.0081],
         [-0.0335,  0.0518,  0.0125]],

        [[ 0.0465,  0.0463,  0.0035],
         [-0.0194,  0.0477, -0.0153],
         [-0.0544, -0.0117, -0.0367]],

        [[-0.0005, -0.0044, -0.0293],
         [ 0.0013,  0.0300, -0.0338],
         [-0.0457,  0.0456, -0.0585]],

        [[-0.0250,  0.0578, -0.0350],
         [-0.0245, -0.0079,  0.0156],
         [ 0.0283, -0.0246, -0.0486]],

        [[-0.0570,  0.0276, -0.0190],
         [ 0.0145,  0.0458,  0.0391],
         [-0.0342, -0.0001,  0.0514]],

        [[ 0.0518,  0.0028, -0.0513],
         [ 0.0226,  0.0380, -0.0065],
         [-0.0413,  0.0271,  0.0554]],

        [[-0.0216,  0.0547, -0.0306],
         [ 0.0254,  0.0405,  0.0561],
         [-0.0552,  0.0202, -0.0068]],

        [[-0.0176, -0.0011, -0.0101],
         [ 0.0379, -0.0335, -0.0112],
         [-0.0444, -0.0547, -0.0518]],

        [[-0.0151,  0.0381, -0.0039],
         [ 0.0173,  0.0150, -0.0469],
         [ 0.0234, -0.0415,  0.0491]],

        [[ 0.0304, -0.0250,  0.0436],
         [-0.0501,  0.0052,  0.0312],
         [ 0.0239,  0.0385, -0.0386]],

        [[ 0.0306, -0.0560,  0.0136],
         [-0.0344,  0.0353,  0.0083],
         [-0.0454, -0.0001, -0.0272]],

        [[-0.0032, -0.0350,  0.0195],
         [-0.0150, -0.0278,  0.0356],
         [-0.0387, -0.0568, -0.0048]],

        [[ 0.0532,  0.0379,  0.0289],
         [ 0.0149,  0.0113, -0.0518],
         [-0.0129,  0.0383, -0.0006]],

        [[ 0.0428, -0.0236,  0.0298],
         [-0.0512, -0.0256,  0.0136],
         [ 0.0150,  0.0584,  0.0411]],

        [[-0.0134, -0.0419, -0.0524],
         [-0.0471, -0.0505, -0.0227],
         [ 0.0363,  0.0375,  0.0222]],

        [[-0.0280,  0.0411,  0.0319],
         [-0.0104,  0.0035,  0.0374],
         [ 0.0441,  0.0367,  0.0194]],

        [[ 0.0266,  0.0224,  0.0473],
         [-0.0264, -0.0289,  0.0268],
         [ 0.0176, -0.0487,  0.0161]]], grad_fn=<SelectBackward>)
tensor([[[-0.0251,  0.0454,  0.0332],
         [-0.0043, -0.0189, -0.0546],
         [-0.0159, -0.0245, -0.0381]],

        [[ 0.0274, -0.0534, -0.0090],
         [-0.0044, -0.0190,  0.0426],
         [-0.0009,  0.0236, -0.0099]],

        [[ 0.0386, -0.0559, -0.0540],
         [ 0.0054,  0.0327,  0.0365],
         [ 0.0072,  0.0008,  0.0021]],

        [[-0.0380, -0.0188,  0.0115],
         [-0.0486, -0.0096,  0.0216],
         [ 0.0164, -0.0435, -0.0114]],

        [[ 0.0369, -0.0227,  0.0138],
         [-0.0530, -0.0243,  0.0059],
         [-0.0304,  0.0121, -0.0563]],

        [[ 0.0126,  0.0236,  0.0182],
         [-0.0357, -0.0563,  0.0242],
         [-0.0129, -0.0232,  0.0118]],

        [[ 0.0543, -0.0505, -0.0447],
         [ 0.0070,  0.0081,  0.0043],
         [-0.0049,  0.0493,  0.0352]],

        [[ 0.0444,  0.0204,  0.0221],
         [ 0.0181,  0.0508,  0.0287],
         [-0.0267, -0.0285, -0.0328]],

        [[-0.0204,  0.0166,  0.0350],
         [-0.0407,  0.0209,  0.0171],
         [-0.0565,  0.0097,  0.0482]],

        [[ 0.0198,  0.0268, -0.0110],
         [-0.0472,  0.0586,  0.0197],
         [ 0.0292,  0.0025,  0.0118]],

        [[-0.0265, -0.0339, -0.0354],
         [-0.0069,  0.0141,  0.0153],
         [-0.0183, -0.0466,  0.0337]],

        [[ 0.0156,  0.0288, -0.0200],
         [ 0.0165,  0.0110,  0.0452],
         [-0.0531,  0.0361, -0.0161]],

        [[-0.0270, -0.0543,  0.0467],
         [-0.0475,  0.0455, -0.0253],
         [-0.0285, -0.0197, -0.0075]],

        [[ 0.0511, -0.0321,  0.0340],
         [ 0.0147, -0.0384,  0.0405],
         [ 0.0354,  0.0407,  0.0063]],

        [[ 0.0282, -0.0360, -0.0511],
         [-0.0329, -0.0347, -0.0471],
         [ 0.0430,  0.0399,  0.0475]],

        [[ 0.0347,  0.0044, -0.0340],
         [-0.0014, -0.0029,  0.0359],
         [ 0.0143,  0.0556,  0.0259]],

        [[ 0.0376, -0.0318, -0.0039],
         [-0.0560,  0.0408, -0.0450],
         [ 0.0496, -0.0377, -0.0051]],

        [[-0.0508,  0.0152,  0.0136],
         [ 0.0522,  0.0421,  0.0520],
         [-0.0383,  0.0409, -0.0208]],

        [[ 0.0393,  0.0099, -0.0481],
         [ 0.0057, -0.0389, -0.0498],
         [-0.0173, -0.0174, -0.0137]],

        [[ 0.0582, -0.0317, -0.0121],
         [-0.0512,  0.0534, -0.0524],
         [ 0.0436, -0.0100,  0.0507]],

        [[ 0.0060, -0.0154, -0.0119],
         [-0.0210,  0.0281,  0.0581],
         [ 0.0218, -0.0293, -0.0457]],

        [[-0.0566, -0.0127, -0.0028],
         [ 0.0358,  0.0331, -0.0077],
         [ 0.0077,  0.0284, -0.0485]],

        [[ 0.0095,  0.0142, -0.0560],
         [-0.0029, -0.0360,  0.0048],
         [ 0.0500, -0.0062,  0.0389]],

        [[-0.0295,  0.0506, -0.0535],
         [ 0.0185, -0.0254,  0.0398],
         [ 0.0271, -0.0362, -0.0395]],

        [[ 0.0023, -0.0164, -0.0054],
         [ 0.0502,  0.0288, -0.0269],
         [ 0.0056, -0.0326, -0.0187]],

        [[ 0.0051,  0.0331,  0.0062],
         [-0.0532, -0.0481, -0.0026],
         [ 0.0166, -0.0318, -0.0491]],

        [[-0.0169, -0.0470,  0.0588],
         [ 0.0181,  0.0072,  0.0085],
         [-0.0464,  0.0009,  0.0260]],

        [[-0.0586,  0.0151,  0.0269],
         [ 0.0403,  0.0144, -0.0367],
         [ 0.0136, -0.0538,  0.0217]],

        [[-0.0017, -0.0072, -0.0318],
         [ 0.0288, -0.0113, -0.0066],
         [ 0.0239,  0.0340,  0.0212]],

        [[-0.0089,  0.0373, -0.0474],
         [ 0.0093, -0.0539,  0.0053],
         [ 0.0332,  0.0571,  0.0567]],

        [[-0.0572, -0.0348, -0.0488],
         [-0.0270,  0.0542, -0.0263],
         [ 0.0159,  0.0507, -0.0564]],

        [[-0.0532, -0.0214,  0.0070],
         [ 0.0088,  0.0077,  0.0349],
         [ 0.0566, -0.0286, -0.0205]]], grad_fn=<SelectBackward>) tensor([[[-0.0260, -0.0220, -0.0551],
         [ 0.0163,  0.0281, -0.0384],
         [ 0.0087, -0.0081,  0.0271]],

        [[-0.0335, -0.0499, -0.0552],
         [ 0.0573,  0.0137,  0.0345],
         [ 0.0088, -0.0501, -0.0043]],

        [[ 0.0409, -0.0268, -0.0449],
         [-0.0034,  0.0027,  0.0203],
         [ 0.0220,  0.0327,  0.0549]],

        [[-0.0434,  0.0086,  0.0361],
         [-0.0362,  0.0293,  0.0209],
         [ 0.0499,  0.0054, -0.0538]],

        [[-0.0102,  0.0153, -0.0411],
         [ 0.0379, -0.0565,  0.0056],
         [ 0.0030, -0.0334,  0.0446]],

        [[ 0.0442, -0.0352, -0.0373],
         [ 0.0392, -0.0260,  0.0015],
         [ 0.0013,  0.0255,  0.0203]],

        [[-0.0325, -0.0580,  0.0523],
         [-0.0011, -0.0437, -0.0278],
         [-0.0472, -0.0157,  0.0263]],

        [[ 0.0167,  0.0159, -0.0479],
         [ 0.0579,  0.0360,  0.0112],
         [-0.0496, -0.0568,  0.0518]],

        [[ 0.0309, -0.0364,  0.0523],
         [ 0.0262,  0.0406,  0.0021],
         [ 0.0204,  0.0364, -0.0183]],

        [[-0.0092, -0.0267, -0.0306],
         [ 0.0448, -0.0465, -0.0557],
         [-0.0291, -0.0246,  0.0535]],

        [[-0.0120,  0.0515,  0.0460],
         [-0.0128,  0.0417,  0.0530],
         [ 0.0170, -0.0529,  0.0451]],

        [[ 0.0586,  0.0189,  0.0122],
         [-0.0500,  0.0177, -0.0455],
         [ 0.0028,  0.0492,  0.0024]],

        [[ 0.0272, -0.0249, -0.0484],
         [-0.0194, -0.0555,  0.0062],
         [ 0.0407, -0.0366, -0.0002]],

        [[ 0.0403, -0.0125, -0.0530],
         [-0.0327, -0.0228, -0.0439],
         [ 0.0006,  0.0013, -0.0187]],

        [[ 0.0278, -0.0053,  0.0106],
         [-0.0005, -0.0294,  0.0576],
         [-0.0536,  0.0219,  0.0165]],

        [[ 0.0097, -0.0358,  0.0479],
         [-0.0506, -0.0214,  0.0199],
         [ 0.0402,  0.0156, -0.0473]],

        [[-0.0508, -0.0227,  0.0214],
         [-0.0170,  0.0321, -0.0548],
         [-0.0002, -0.0423, -0.0581]],

        [[ 0.0307,  0.0117, -0.0372],
         [-0.0249, -0.0189, -0.0454],
         [ 0.0450, -0.0470,  0.0071]],

        [[ 0.0582, -0.0213, -0.0065],
         [-0.0159, -0.0214,  0.0386],
         [-0.0433, -0.0143,  0.0575]],

        [[ 0.0164, -0.0260, -0.0070],
         [-0.0563,  0.0014, -0.0097],
         [-0.0267, -0.0273, -0.0029]],

        [[ 0.0071,  0.0321, -0.0441],
         [ 0.0551, -0.0332, -0.0503],
         [ 0.0375, -0.0574,  0.0197]],

        [[ 0.0323, -0.0441, -0.0556],
         [-0.0417, -0.0017, -0.0478],
         [-0.0465, -0.0295,  0.0570]],

        [[-0.0061, -0.0025,  0.0225],
         [ 0.0220,  0.0509,  0.0349],
         [-0.0467, -0.0312, -0.0324]],

        [[ 0.0034,  0.0451,  0.0516],
         [-0.0111,  0.0271,  0.0113],
         [ 0.0351, -0.0137, -0.0217]],

        [[ 0.0045,  0.0439,  0.0019],
         [ 0.0191,  0.0259, -0.0206],
         [-0.0124, -0.0584, -0.0202]],

        [[ 0.0108,  0.0245, -0.0219],
         [ 0.0289,  0.0197,  0.0145],
         [-0.0546, -0.0534,  0.0196]],

        [[ 0.0472, -0.0535, -0.0171],
         [ 0.0516, -0.0185,  0.0527],
         [-0.0264, -0.0179, -0.0547]],

        [[-0.0150, -0.0266, -0.0206],
         [-0.0530,  0.0103,  0.0476],
         [ 0.0397,  0.0472,  0.0235]],

        [[-0.0283,  0.0259, -0.0534],
         [-0.0439, -0.0256,  0.0252],
         [-0.0016, -0.0048, -0.0520]],

        [[-0.0388, -0.0062, -0.0576],
         [ 0.0441, -0.0211,  0.0093],
         [ 0.0436,  0.0219,  0.0375]],

        [[-0.0546,  0.0043, -0.0252],
         [-0.0291, -0.0260,  0.0160],
         [ 0.0118, -0.0168, -0.0588]],

        [[-0.0122,  0.0389, -0.0175],
         [-0.0085,  0.0380, -0.0481],
         [-0.0342,  0.0293, -0.0062]]], grad_fn=<SelectBackward>)
